estimatedX,estimatedY
22.4078,0.3815
2.7827,5.8012
3.5939,5.6624
4.6652,5.0658
5.5668,4.4120
7.2340,3.8014
9.9194,3.0494
3.6395,3.2356
0.5879,3.2617
-0.1183,3.4174
-0.6888,3.1238
-1.1735,3.2105
-1.7833,2.6510
-0.6743,0.2285
-0.7480,0.3208
-0.5804,0.6546
-0.7626,0.1315
-0.7021,0.1636
-0.8297,0.1968
-0.4350,0.2917
-0.5453,0.3169
0.2267,0.2833
-0.4823,0.7330
-0.5898,0.6252
-0.8514,-0.0500
-0.6563,0.4307
-0.6333,0.0638
0.2778,-0.4140
-0.5800,0.4325
-0.9117,0.0382
-1.0639,1.4377
-2.9857,0.2046
-3.1687,0.5540
-3.9160,0.5349
-1.4526,0.2763
-1.3740,0.8093
-0.9863,0.7024
0.7794,1.3777
0.4212,0.4768
0.4006,0.4661
0.4358,-0.4618
0.5783,-0.1644
0.5440,-0.1127
0.9645,0.6482
1.4294,-0.2196
1.5970,0.5747
2.5838,1.6587
0.1614,2.7018
0.8530,2.0328
1.3727,2.6649
1.3557,2.2478
2.5924,1.5314
3.2162,2.0974
4.2172,1.5826
2.2013,2.6512
1.4712,1.5892
0.3314,1.7999
0.0426,2.0530
-1.3938,1.2571
-0.4562,3.6702
-1.8604,3.8555
-1.7209,3.6099
-0.3713,2.3824
2.1723,2.1821
2.9397,1.8962
2.7055,1.7636
2.3145,1.6053
1.6581,2.4151
0.6941,2.2191
0.3836,2.4584
-0.0241,3.0604
-0.3711,3.9736
-0.8548,3.8595
-1.3183,4.7604
-0.1237,4.7242
3.6347,3.4078
1.3931,3.0239
1.6849,3.5244
1.8869,3.6293
1.9410,3.4029
2.6716,3.7883
3.5875,3.6182
1.8327,3.2360
2.1372,3.1468
1.3082,3.9249
0.4830,4.9404
-0.0180,4.4311
1.6859,4.6191
1.4243,4.3539
0.5984,5.3711
2.0425,4.8582
2.3257,3.4823
2.2046,3.5871
2.3250,3.4680
2.1917,4.0635
1.5583,3.7874
-3.8392,5.1562
-4.6296,5.0263
-2.0506,5.5910
0.5618,5.2571
2.6188,5.2486
2.3058,4.3864
2.3221,5.5046
2.2874,5.6929
2.9969,5.3963
1.7984,4.4910
1.6296,3.5945
1.3393,4.5788
0.5193,4.1589
0.8763,5.8435
-0.9278,5.8495
-1.4767,5.5198
0.8871,4.6942
-0.2377,5.8385
2.4524,5.1741
1.7941,5.5064
1.2044,5.2814
1.4084,5.6582
2.9724,5.6617
1.2012,5.0525
1.1467,5.6216
-0.1793,5.0643
3.7756,6.3635
4.4877,7.2614
4.5447,7.8291
4.5058,8.2054
7.3008,7.1295
5.3914,6.8802
6.3401,6.5599
6.3536,6.5367
2.2602,5.9869
4.2051,5.3726
4.2974,5.1225
3.6104,5.5245
2.7981,6.0932
4.5887,3.8842
4.5855,4.7299
4.0975,4.9482
4.2564,4.5155
3.7250,4.9857
3.7364,5.4095
3.6986,6.4178
4.9500,6.0244
4.0684,5.8644
3.6840,6.3117
3.6613,6.7045
3.8985,6.0951
3.9852,5.6907
4.2991,5.6123
3.8386,5.5114
3.7784,6.6942
3.5608,5.9797
3.7998,5.7569
2.0480,5.9322
1.9029,6.3809
-1.1130,6.2241
-0.4509,7.4940
6.6324,9.6286
5.3250,7.7794
5.3406,8.2354
4.6628,8.4327
4.1148,8.7035
3.7744,8.5686
1.9714,8.1935
1.6739,8.0191
1.4348,7.0540
4.0332,7.7506
3.6868,8.3641
3.8251,9.0386
3.8194,8.0818
5.2913,8.4967
6.4970,8.7946
6.6907,8.8762
5.0309,7.5133
8.8212,8.3740
9.4823,7.9264
5.7347,9.1752
6.8615,8.7233
6.4067,8.8039
8.3894,9.1236
7.5037,7.8301
6.8644,7.9423
8.2425,7.1117
7.4729,8.1476
5.6742,7.6237
4.1668,7.0281
3.8450,7.4480
5.8803,7.8267
4.9943,8.6226
5.9317,7.9368
5.5511,8.1601
5.4912,7.8923
5.0946,8.1923
3.8000,8.2936
2.5111,6.9883
1.8355,7.2009
1.7972,7.7168
2.8150,7.8801
2.4515,7.1303
1.8626,7.3192
1.0817,6.3022
3.8797,7.1042
3.8927,6.4311
4.9315,7.6002
5.6490,7.9609
7.3145,8.0230
5.3188,8.9207
4.6094,8.6743
4.5664,8.3230
5.9556,8.3933
1.8897,8.5238
1.7399,7.9592
1.2836,7.3720
1.1658,7.3131
0.2004,6.1093
-0.5642,6.2673
1.4054,5.2589
1.1651,5.4926
1.2415,6.1557
1.4997,6.1532
1.3855,5.7920
3.1538,6.1030
5.8595,7.6141
5.1613,7.7951
4.9135,8.5081
7.8464,10.3221
9.5032,9.9328
6.3945,8.5537
9.2334,9.3454
8.8131,9.9835
9.7459,10.1189
10.2814,10.3456
11.8301,10.1861
12.6194,10.3310
13.0233,9.2141
8.6238,9.5232
9.1540,10.0573
9.4193,10.7541
9.8444,9.7553
10.1838,8.5930
9.2616,8.9697
8.8778,8.8383
8.2027,8.6577
8.0767,9.3678
8.7399,8.5277
8.2101,8.7465
8.1232,9.1016
7.0452,8.6465
6.3063,8.2477
6.7904,7.2467
7.0693,8.5927
4.9646,8.0485
6.5394,7.8295
6.5393,7.0021
8.1208,7.2207
8.0680,7.1431
8.1017,7.0462
7.5016,7.3465
7.4935,7.4759
7.0071,6.8946
5.4580,7.4938
6.0414,7.6141
6.0788,6.8806
6.2009,7.8256
4.4515,6.4450
3.0239,6.4778
7.0316,7.9920
7.4594,7.8703
9.3630,8.9146
5.9120,6.8151
7.6750,7.5004
7.2677,7.7842
7.2721,7.9629
7.9686,7.4022
8.9641,6.3364
7.8051,6.7375
7.4740,7.0242
9.3038,7.8077
9.1664,7.6136
9.2791,7.8184
10.9381,8.8271
12.5788,8.1865
10.3767,8.6938
9.9723,9.2401
10.7261,10.0248
10.8534,9.2830
9.2452,6.6507
9.5341,6.3405
8.9117,5.3965
8.9069,6.5943
7.6120,6.7527
6.8694,7.7529
9.0279,7.4655
9.3098,7.1772
7.4860,6.8523
7.7989,7.7249
7.8235,7.2507
7.8497,6.6951
7.9322,7.9635
7.7813,7.6082
7.9752,7.0448
8.7559,5.5021
9.8252,6.3874
9.4735,6.7157
9.3026,6.8832
9.6760,6.3665
10.0442,6.4723
9.8482,7.0793
10.4338,6.0085
9.8645,5.8454
9.8537,4.9164
9.0249,6.3837
8.4120,6.7630
9.2915,7.5701
9.1162,6.7697
9.7160,6.7585
9.3767,6.8707
8.4443,6.3745
8.2138,6.7424
9.6583,6.7669
9.6059,6.7449
9.5811,7.4248
9.4691,7.8212
9.4642,6.9342
10.1873,7.3047
10.2076,6.8182
9.3330,6.9590
9.4190,6.3323
9.3673,5.1606
9.8653,5.2547
10.1912,5.4145
10.6481,4.5114
8.6295,4.3346
10.4913,5.7756
10.5078,6.2982
10.8279,5.7932
10.5851,7.0452
10.4452,7.1613
10.3927,7.2397
10.7166,6.3083
9.8829,5.3152
9.3345,5.6795
9.9727,6.1849
9.9578,5.3197
11.8379,5.1498
11.1674,4.7532
12.4789,5.5885
12.4154,6.7593
10.1639,5.7334
10.6159,4.6130
10.1268,5.1165
10.2969,4.6469
9.6958,5.9252
10.3048,4.8247
10.7137,4.9313
10.5034,4.9274
10.4006,5.4163
11.7938,5.0267
11.8199,6.4181
12.0559,6.1488
12.2173,5.5652
12.5698,5.3162
11.4475,4.3783
11.3516,4.4201
11.0322,4.7829
11.0607,4.4585
10.8859,3.7273
12.0729,4.6389
11.3214,4.3478
11.2142,4.5353
8.7522,3.8667
11.1704,3.0398
10.9542,3.1329
10.8595,2.9050
10.2280,3.5904
9.1381,4.1312
8.0218,4.9283
8.5141,3.8706
4.4446,2.0489
12.5996,3.8660
12.9383,3.3866
12.3947,3.6181
12.0308,3.3028
12.6765,3.8205
11.7046,4.8588
12.5753,5.2362
12.8642,4.6646
11.9138,5.6516
12.7897,5.1746
13.4891,5.8841
13.9806,6.3286
13.5295,4.7624
13.2704,5.1684
12.4736,4.5462
11.8511,4.2711
11.4987,4.0686
10.7003,3.0011
12.5061,3.9532
12.7420,4.7532
13.5744,3.9365
13.7162,3.3395
12.6948,3.6001
12.7730,3.3579
14.8381,4.5066
14.0058,4.3114
15.4714,5.4041
14.5945,5.4006
15.5045,5.6218
12.7575,3.9254
13.1186,3.5673
13.6508,2.8808
9.9799,1.2050
9.5383,1.7253
12.9878,1.5764
12.9164,3.1834
12.7847,3.9941
13.3765,2.8300
13.0483,2.9891
13.2293,3.3624
13.6547,4.3725
15.5299,4.4650
14.4677,5.5174
15.5163,3.4051
15.1761,3.9152
15.8188,6.0288
11.4771,3.9314
9.5109,3.4041
9.7303,2.0204
8.9082,2.2393
13.0057,3.3164
12.9441,2.7299
13.5500,4.0292
13.0022,2.8062
11.4960,1.1918
12.4036,3.2682
12.8277,2.7346
12.9273,3.4414
14.0098,4.6565
14.7705,5.1179
13.1207,3.3259
14.0774,3.7244
13.8939,2.2183
13.8430,2.2685
14.6442,2.3680
14.0036,2.9949
12.7021,1.8577
12.5020,2.4346
13.1003,1.9796
14.5597,2.9826
14.8096,2.9648
13.9998,4.1536
13.6068,2.9714
15.0808,3.3932
14.9943,4.3595
14.1252,4.3765
14.6761,3.1908
14.7510,2.4906
14.1692,2.4050
14.1880,1.8121
14.3962,1.5634
14.5900,2.3762
14.0139,1.0423
15.8632,3.5737
14.8203,2.3517
15.0042,4.4396
15.0895,3.2303
13.5223,1.8381
12.9629,1.3343
12.6252,1.4596
12.6034,0.6998
11.4323,-0.2410
9.5405,0.8923
13.9483,3.2134
13.2696,1.9882
14.6401,3.2547
15.1969,3.3981
14.7683,3.6939
16.0304,4.1653
16.1772,3.9148
15.0042,3.7510
15.7048,4.2057
17.3280,3.4001
17.2900,2.9013
17.4413,3.1461
15.4622,1.0470
14.2573,1.8948
16.6735,2.8044
16.3288,3.3664
16.6933,3.5872
16.1644,3.3918
16.2142,2.6525
16.0866,2.0996
14.3094,0.5211
15.1451,0.5039
16.6689,2.6221
15.9481,1.6793
15.4114,1.4315
15.7447,2.6161
16.3615,2.5457
15.8747,3.6449
16.3022,3.1649
15.7190,4.1161
16.4658,3.0001
15.2438,2.6416
15.5347,1.3523
15.7992,2.2269
16.7109,1.9877
16.7888,3.3774
16.6820,3.8235
16.3431,3.1455
15.0386,0.3582
15.3315,3.1235
15.3699,2.5954
16.0107,2.4196
14.1486,1.6962
17.3169,2.7552
17.5914,3.1152
17.5326,3.2001
17.7141,3.4605
18.4883,4.0379
17.3297,4.9282
17.7120,3.7014
16.7917,3.0809
16.4792,3.2787
18.7411,2.9867
18.6194,3.1210
17.9393,2.5772
17.7577,2.7458
18.2799,1.0265
17.8450,1.5792
17.6788,1.9489
17.6053,3.2527
16.7753,3.1363
17.3931,4.2738
17.1645,4.0472
17.1010,4.7082
16.9586,4.9418
15.4337,4.7118
14.8779,3.9571
14.0551,3.1285
13.3284,2.3028
14.7766,3.1720
15.4095,3.9103
15.3650,3.6014
16.1575,3.3989
16.5122,3.6425
16.3953,5.4391
15.3840,5.9995
16.1750,5.8231
15.5194,4.1282
16.4027,4.3647
15.0206,3.9067
14.6559,3.6100
15.4786,3.2237
18.3383,3.6769
19.2850,3.3930
19.3296,4.5660
20.2888,5.9514
19.2021,3.4119
19.0764,3.8309
19.0975,5.1960
19.5281,4.7305
19.8172,5.7116
17.2952,3.4019
17.3977,3.2585
16.5471,5.4093
16.1531,5.8174
15.9851,5.6259
16.7361,4.5233
15.1460,4.5233
15.1638,3.9424
14.9198,4.4724
18.1101,4.9982
18.4513,3.8278
18.8295,5.4078
19.4425,5.9180
18.7375,5.6723
19.2035,5.6548
18.1942,6.3873
18.0847,5.9038
18.5855,6.2836
17.9627,6.5709
17.6233,6.6120
17.2497,6.9708
18.5627,6.1584
20.4038,8.7568
21.3663,8.2983
21.1500,7.5243
19.2642,5.8580
18.3242,6.4505
18.1740,6.0394
18.3723,5.4111
19.1174,5.3275
19.8014,6.3763
19.8606,7.3626
19.5573,7.7359
19.1894,7.9624
17.4211,6.2419
17.2353,5.2580
16.8192,6.4239
17.5351,6.5259
16.1161,5.0414
16.9426,5.6135
17.2554,6.4159
18.4504,6.4623
18.3395,6.4630
19.1442,7.0535
19.9610,7.1562
19.1937,7.7649
20.5134,8.0721
20.3383,8.3089
21.2512,8.8574
21.5698,8.8265
19.2106,6.9415
18.6788,8.1975
18.7686,7.9565
19.2964,7.5361
19.8691,8.2910
20.0402,8.7707
19.0265,8.6919
18.8900,9.4715
20.6324,9.8727
20.5913,10.7991
20.6728,11.4252
20.5508,11.1953
19.0751,8.5124
20.5796,8.4604
20.5489,7.7025
18.6049,6.5016
18.4878,6.0660
21.5357,9.8616
20.2761,9.5288
20.7867,9.4578
18.9925,9.3456
18.9907,9.3400
19.3551,8.8508
20.1074,9.3418
20.6620,9.8066
21.1727,9.4877
22.8128,9.3531
22.0201,10.7450
21.1952,11.7045
20.8755,9.5134
21.2550,10.5805
23.0699,11.9919
22.9398,12.5731
24.3628,12.6701
22.5441,11.2784
20.3111,8.7639
19.0436,8.8720
20.0910,8.2189
17.6832,9.2339
17.2687,9.9470
17.1069,8.5455
16.4032,8.9152
18.0516,8.4156
16.9195,6.8054
17.5746,7.3664
21.6233,10.3539
21.3275,9.0595
20.7512,9.4352
19.6664,8.7775
19.6438,9.0761
18.1120,8.1227
18.9045,8.6626
15.5703,6.6817
19.7279,12.4980
19.0360,13.2116
20.0118,13.1834
20.7473,12.2911
21.1903,12.2900
20.2214,13.3295
20.9951,12.2453
21.5315,12.9668
22.1061,12.4683
23.2687,13.4906
22.9391,13.2504
22.2165,11.0302
22.7943,11.4890
22.6060,10.9423
22.1710,10.5334
22.5691,11.4284
22.1762,11.9625
21.4140,12.1045
21.9016,12.2178
22.6124,12.6618
22.7544,11.9075
21.6469,12.4386
20.2880,10.0886
19.1812,11.0591
18.9154,11.2171
21.1465,13.2189
22.1921,13.3241
23.3206,12.4711
22.6686,13.1214
22.3824,13.0622
22.6905,13.9264
22.9002,13.1256
22.8504,13.9932
22.6730,14.6862
22.9783,13.4000
22.2094,14.6113
22.8810,13.2903
22.4788,13.0640
22.7319,14.1248
21.6570,13.4016
22.7563,12.6799
22.5791,12.3168
22.1928,12.7368
22.9595,12.5019
22.5348,14.1140
22.3272,13.0176
22.4092,13.2437
22.2834,14.6065
24.5652,15.3546
24.5538,15.5660
25.0962,16.1898
23.6520,14.4993
23.7625,15.3381
24.7794,15.8991
23.7850,15.5378
23.1036,15.6413
22.7104,14.4885
24.0160,14.3657
23.1086,14.0436
24.1343,13.6265
24.3338,14.4310
23.3381,14.6637
23.0677,14.7786
23.2114,14.6461
23.5725,16.0151
22.9207,16.1252
21.9888,15.9864
23.0620,16.3809
22.5799,15.4581
22.5310,16.2398
21.9611,13.7562
21.4271,13.6386
19.9162,13.0394
20.3393,12.5594
22.9915,13.3650
24.6584,16.7677
24.5389,14.6735
24.4944,14.4598
24.2506,15.6612
25.2181,15.6221
25.8038,15.8139
24.9881,16.0760
24.6769,16.4435
25.3862,17.1235
25.8138,17.7897
25.4466,18.7076
25.5144,18.8920
24.9614,14.7023
23.4206,14.6866
23.2244,15.2987
23.3630,14.3389
22.6090,14.6588
21.4496,12.7924
22.4259,13.3244
23.1266,12.7393
25.2229,17.4526
26.2703,18.1934
24.7535,15.4782
24.3329,17.1350
24.4406,17.4635
23.1427,16.4544
24.0821,16.3953
23.4663,16.9591
24.1102,18.2684
24.1075,19.5485
23.8215,17.8610
23.8848,17.9294
23.7206,18.4410
23.6351,18.1712
22.9701,16.8824
22.6989,16.2844
24.5207,18.0557
24.0092,18.2737
24.7405,18.0750
24.6711,18.0920
23.2940,16.1929
23.8634,17.6711
24.4770,17.9783
25.5023,18.1352
26.4210,18.9152
25.8286,19.3302
25.5793,16.3658
25.8210,17.5064
25.2329,17.3016
25.4206,17.5583
25.6412,17.4791
24.7250,17.0468
24.9192,17.4262
25.1988,17.0441
24.6579,18.4680
24.4889,18.9225
24.7664,17.9989
25.5925,18.5242
25.1041,18.6045
25.7015,19.1537
24.8775,19.2538
24.8740,17.8955
24.3509,14.8319
24.4790,14.8887
24.7215,15.2518
24.9449,14.9605
25.8757,16.3965
26.3421,20.2870
24.4408,16.5957
25.3168,16.6304
25.1699,16.3673
25.6836,16.9451
26.3638,16.5490
26.7668,17.5373
27.3541,17.0654
27.4080,16.8253
27.8165,17.2625
27.6064,17.8814
27.2686,18.1605
26.3289,18.6914
26.5476,18.4888
25.1973,19.4489
24.3251,20.1036
25.4402,19.9202
26.2689,19.2011
26.8656,18.8280
27.1888,18.3220
27.4568,17.6229
27.7864,18.3638
27.9362,18.5326
27.1774,19.1424
27.0332,19.3910
26.5790,19.7368
27.3317,19.8331
27.3443,19.8948
26.1266,17.3957
24.5818,17.2653
25.1306,17.5040
25.3063,18.0341
25.5781,17.6787
26.2996,17.3191
25.5816,15.7822
25.3263,15.2847
25.0915,14.3837
27.1811,19.1690
27.5662,19.1317
27.8966,19.1638
29.0999,21.7184
28.7876,23.2850
29.2946,23.6427
28.8847,24.2669
27.9797,18.9748
27.7784,18.9302
27.5666,18.4226
27.8262,17.5729
28.5277,17.3918
27.8757,17.4687
26.7032,19.4082
28.0923,19.2288
28.0313,18.1937
29.0559,18.7639
28.3834,19.9433
27.7773,16.7297
28.1027,16.1311
28.5649,16.0201
29.2207,17.7301
30.1572,18.0752
29.9914,18.6377
30.4848,19.1719
29.5554,19.3694
28.9808,18.7425
27.1622,19.1808
28.9589,19.7275
30.0999,20.5410
30.6900,20.0264
30.7500,20.2673
31.7458,18.2905
30.7571,18.1912
29.2610,18.1254
28.0412,18.6164
29.0651,18.7976
28.2176,18.9108
28.7434,16.9464
28.5791,16.6135
27.5390,16.4301
27.5397,16.5956
27.8121,17.6215
28.7534,17.5297
28.0824,17.2940
28.1906,16.8355
27.8676,16.9653
27.7064,17.7094
27.7595,15.4763
27.4640,15.6661
27.4686,13.7925
26.7592,16.0681
25.9709,15.4836
27.7703,15.5272
28.1603,15.6389
28.3029,16.0407
28.3689,17.0263
29.8438,18.0363
29.7699,17.8734
28.9296,17.3333
29.2462,17.8422
29.9467,18.1723
30.2470,19.0120
31.0251,19.5432
30.6618,20.2442
31.5221,19.6608
30.7663,18.7631
31.9850,17.8852
31.7067,18.0725
29.8018,17.5280
29.5432,17.4686
29.2268,16.6338
29.3313,18.0424
29.7089,17.8019
29.9617,18.4968
30.3254,18.5926
30.8897,18.5590
30.1801,18.7689
30.3506,18.7034
31.1381,18.8033
31.7294,19.7016
31.6786,21.7038
31.5020,23.9847
31.1657,21.7839
31.5800,22.0226
30.8125,21.8456
32.4677,20.7984
31.9078,17.1738
29.4478,17.0720
29.6938,17.7579
29.6857,17.1330
29.1128,17.5379
30.0418,16.6935
29.2699,16.9724
28.2760,17.0050
29.0281,17.0282
28.9143,17.1291
28.4435,16.8841
29.3619,16.0441
29.2574,15.4052
30.6724,16.6810
30.7459,16.4577
31.1253,17.0472
32.1577,16.5098
32.9891,16.4619
33.7886,19.0571
34.0231,17.4387
34.6368,18.9832
35.3095,19.1696
35.9628,18.1543
35.7261,16.5175
34.1931,15.2462
32.1724,14.2973
30.2670,14.8589
29.5052,14.4266
28.7599,15.0367
28.4772,14.8918
28.8458,14.9446
29.2563,14.1691
30.5859,15.2476
29.8697,14.8518
31.4552,14.2776
30.9783,15.1083
31.5208,14.8824
31.1118,15.1007
31.9168,15.7735
32.3752,14.8074
32.6502,14.7513
33.9735,15.5645
32.1535,14.6129
31.4945,14.5514
31.8279,14.4639
31.6009,14.4285
30.8708,13.5832
30.2677,13.9400
30.4076,14.6687
30.5556,17.2769
30.1859,17.9896
31.0599,17.8685
31.9866,17.5688
32.9891,17.6330
34.2451,18.7771
31.9301,15.3797
31.6626,15.4577
31.5260,14.9506
31.0664,15.1684
30.9004,14.8632
30.4382,14.8554
31.0752,15.5196
30.5297,15.5840
31.1944,15.2270
31.4335,14.8248
31.8847,14.6434
32.5303,14.3318
31.7239,14.0084
31.5488,14.2030
33.6202,15.3243
31.4670,15.1115
31.6819,15.2973
31.0476,15.3102
31.8951,15.8816
31.6635,16.2375
31.9815,16.6792
31.7893,16.8418
32.8018,16.6678
33.0007,16.7611
32.8759,16.8613
31.5256,14.7368
30.7643,14.3734
31.4242,13.8435
32.8156,13.0642
32.8976,12.6934
33.2536,13.6085
31.7419,14.5131
31.1169,14.5487
31.9387,14.0808
32.1607,14.2070
32.7996,14.5143
31.8526,14.2918
33.1051,13.6505
33.0339,14.4146
33.2204,14.2146
34.5840,13.7754
34.0638,11.9871
33.3121,11.1273
33.7578,10.4205
33.3205,10.6978
34.2240,12.9808
33.3570,12.3548
32.5784,12.0734
33.2314,10.9058
34.4560,13.5752
34.8694,13.7967
32.8175,14.3001
33.3725,13.8110
34.4101,14.0343
34.8465,14.0543
33.5907,14.0392
33.8066,13.5840
34.1238,15.6127
33.2112,13.6729
34.2061,14.1442
33.9414,14.2336
34.0632,13.7881
34.6308,14.1878
36.0026,13.1067
36.7204,13.7103
34.3348,14.4793
34.0165,15.0429
33.8560,14.8181
34.0394,15.1380
34.1673,14.6985
33.6302,12.7255
32.7463,9.7880
33.4959,13.2781
34.1583,12.9258
34.3977,12.4083
34.6717,12.4165
35.1337,11.6237
35.7062,11.3495
35.3060,11.2342
34.9348,11.5669
34.4505,12.0930
32.1811,9.9693
32.5238,9.9962
32.3184,10.2364
31.8295,8.8225
32.7029,7.8308
35.5384,10.8515
35.8890,14.4616
35.2547,11.0905
35.5641,12.1721
35.7427,13.7375
35.5834,12.0093
35.1214,13.8275
35.5087,16.2760
35.9112,15.3701
34.8095,13.1300
34.5542,13.8760
34.4233,14.1863
34.1073,14.7738
34.7759,14.1972
35.6924,14.3789
35.0884,12.7832
34.9250,11.8431
34.2052,12.0736
34.0303,13.1372
34.7181,13.9970
34.7008,14.3014
34.0573,14.5148
36.0415,14.7330
35.9691,14.3749
36.9588,14.7989
37.4847,13.9924
37.7362,12.0096
37.5221,11.7438
38.3153,11.7970
36.1617,12.5133
36.1066,12.8789
36.7916,12.2862
35.6454,12.6334
35.5588,13.0797
35.6338,10.6667
35.5182,11.1407
35.2152,11.1154
35.6468,12.2080
35.3693,12.2921
35.6706,12.2508
35.8766,12.2072
36.6175,12.7895
36.6762,14.4467
36.5714,14.7194
36.9563,15.5467
35.9523,15.7475
36.4795,17.0175
36.9480,15.2450
39.4296,16.1273
39.3336,16.9214
39.3799,16.0753
38.6096,16.5740
38.5375,16.1591
38.2081,15.6939
38.7085,15.1720
38.4862,16.4783
37.8428,14.9279
37.4090,14.8217
38.5728,14.6721
38.0409,14.2801
36.2935,12.9632
36.4260,13.8809
35.4398,11.6244
37.9017,12.2101
37.0179,12.3715
36.4331,12.4439
36.4217,11.6881
36.5894,11.2142
36.0697,11.8126
35.9661,11.9170
35.3115,11.6784
35.5201,10.9261
37.0725,11.9962
37.4657,13.0494
38.5461,13.3703
38.9158,13.0088
39.0307,12.0012
36.7703,13.3346
37.5442,11.8293
38.4271,12.0984
37.9122,12.5515
37.5478,12.4535
37.4721,14.3743
36.6266,13.8831
37.3117,12.5091
36.1316,12.5205
38.0133,12.2878
38.3436,11.7935
38.4184,14.7076
37.4220,15.7253
37.6860,16.3862
37.4059,17.2958
38.6619,17.4546
39.2032,16.6928
38.8620,17.0180
38.5643,15.4673
37.1386,13.7545
36.1741,12.6809
38.2897,12.4201
37.8743,10.2432
38.6320,11.1844
37.5725,12.8176
37.3367,12.9804
36.6425,13.1673
36.4540,14.5093
35.0602,14.1097
35.5810,14.2446
37.1580,15.5011
38.5332,15.8214
38.7935,15.6499
38.9082,16.2218
39.1629,15.9957
39.0072,16.3489
38.9057,17.0798
39.7208,16.9894
39.7723,15.2035
40.4241,14.5979
40.9582,14.6841
40.6988,13.6547
40.1223,12.9051
39.6782,12.8034
38.2730,13.8269
38.5346,14.1856
37.9169,14.3516
38.2762,14.6477
37.7351,15.9006
39.8267,18.5647
40.5958,15.3944
41.7074,15.5460
41.1570,15.6460
40.7095,15.3558
41.1993,15.0387
40.4414,16.0759
42.7957,19.1426
43.6833,20.1787
42.8200,18.9548
43.8929,17.9724
41.3266,16.8223
40.6168,17.3367
40.6911,16.6074
40.4958,16.4855
40.2422,17.1759
40.6481,16.1756
40.0156,16.4443
39.5913,16.3382
38.0855,15.6897
38.2911,14.5948
39.5821,16.8326
39.8814,15.4950
40.4312,15.9812
40.5763,16.4257
40.0911,15.7483
41.0119,16.0244
40.3399,15.3300
40.5615,14.2698
39.8944,14.5814
39.0985,15.6763
39.0064,17.1141
37.9412,17.3433
38.7105,16.4291
39.1250,16.5778
39.7512,17.0761
40.7637,16.6256
40.7006,18.0332
41.0565,16.5612
41.2229,16.7238
41.6997,17.2570
40.3424,16.9689
40.5187,16.5626
41.5450,16.9144
40.2168,18.1730
39.5610,17.2274
38.9350,17.8344
40.1518,18.1434
41.8103,16.4757
42.0334,17.0382
40.7485,17.6222
40.5434,17.0917
39.6186,18.5424
39.4635,17.9038
39.4651,18.2316
40.4776,19.4113
40.6362,20.5894
40.7891,20.8821
40.7410,19.3613
40.8495,19.1198
41.4413,19.1935
41.0220,18.8390
39.9889,17.9816
40.1350,17.6733
41.8161,17.8050
41.9474,20.6200
41.5929,21.0188
41.6780,22.0308
41.5184,23.4990
42.9283,24.3611
44.4392,23.9029
44.7125,23.0313
44.0343,21.2353
42.2298,21.4406
41.6813,23.2615
41.5209,21.3647
40.8172,21.1250
41.5648,20.6680
42.8120,21.0558
44.1369,20.4275
45.0532,21.0548
45.8851,22.2978
43.1104,25.0642
41.6176,22.5080
41.1318,21.5759
40.8162,21.2828
40.7453,21.4041
41.1226,19.5341
41.1719,19.8248
40.1849,19.7937
40.9070,21.2093
41.3210,23.0725
40.2224,21.6950
40.4080,22.7891
41.6071,21.8225
41.9752,20.9292
43.1473,21.5325
41.7213,21.3689
40.7145,20.5191
42.3869,23.1465
42.1971,23.7293
41.3647,22.8342
41.6608,22.7146
41.6686,22.7771
40.8981,23.2285
41.6902,23.8657
40.7870,23.3547
41.3116,23.1184
41.9573,23.0788
42.7996,22.4530
43.6622,22.4870
44.5806,23.7655
44.8181,22.7457
43.0339,23.5514
43.0928,24.1896
44.0469,21.9731
43.8043,21.1495
43.1056,21.4365
42.3822,21.6752
41.8384,21.6853
41.2182,22.1398
40.9038,21.8864
41.6351,20.4296
41.3714,19.9042
43.0808,22.7504
43.1016,23.2123
43.2319,22.3208
43.2095,21.5530
42.7325,21.5115
43.6760,24.4259
42.5831,23.5942
41.9995,24.3365
43.2450,26.0187
44.1489,25.3135
44.1251,25.2488
45.1694,24.0272
44.1789,24.8897
45.4117,24.6811
45.7166,25.4029
44.8332,25.7261
44.2326,25.7832
44.1719,26.8252
44.2430,23.8597
43.3649,23.2529
44.4217,23.0442
44.5478,23.2362
43.9773,23.8496
42.4608,24.2924
42.1952,23.2931
41.6105,22.1836
40.9447,23.8794
42.3453,24.5459
42.5835,24.9368
43.3888,26.3024
43.0542,27.1801
43.5758,27.8063
43.2279,26.2980
42.9231,27.9048
43.2853,28.5784
43.4966,27.5083
44.4783,25.0546
45.5424,24.7413
46.2818,25.5484
45.0222,24.4654
44.6062,27.3020
44.7805,27.8171
45.4396,27.1866
44.6920,27.0110
44.9105,27.1941
43.4275,27.2013
43.3853,26.5472
46.1497,24.7767
46.6394,25.0794
46.1356,25.4198
44.5601,24.9136
43.8979,23.8735
43.6705,23.5001
44.6752,25.5633
45.5257,27.1476
45.7948,27.0799
47.9185,26.4403
47.2229,24.4127
45.9881,27.1384
45.6843,27.8023
45.2375,28.5352
44.4260,27.6630
44.7322,26.0038
44.3719,28.8491
43.8364,29.5496
43.8258,30.1611
43.8253,30.9997
43.8186,29.0473
45.2661,31.0432
44.1099,30.3797
43.4342,27.9077
43.5811,27.9594
44.2350,26.0674
44.2722,26.0201
44.6434,26.0429
45.6613,26.3738
45.9062,26.3453
45.2491,27.2689
46.5888,27.7369
46.4415,27.4309
46.7669,26.3853
47.0050,27.3142
45.2294,28.0153
46.7176,27.7770
46.3805,29.3009
46.6359,28.9830
46.3697,30.5625
46.0592,28.8789
46.0620,29.2485
46.1494,28.7061
47.1777,28.9692
48.4102,27.5114
48.7574,28.9298
48.1220,28.9835
47.4513,29.4488
47.1477,29.7971
46.5311,29.1105
43.6388,27.7808
43.5680,27.8362
45.7034,27.8177
46.9637,27.5159
44.8067,28.1578
44.7152,28.0217
46.5616,27.9753
46.7700,27.6339
47.6776,27.9857
47.5398,26.2666
47.3361,26.5486
46.3825,27.1467
45.8433,26.2451
48.1747,25.8479
47.7742,26.1961
46.3071,28.1504
45.6244,30.1913
46.8336,30.6447
45.8379,32.3610
46.9726,32.3180
47.5810,28.6736
48.5686,28.0849
47.8145,26.2330
47.6868,27.4920
47.6077,27.4092
48.3515,26.1342
47.7055,26.2582
48.7225,26.8219
46.7817,25.7924
45.6033,27.5472
45.3443,27.8544
45.4124,26.7724
45.6660,26.7314
47.0746,26.7521
47.2234,26.8830
45.7090,25.7851
45.7171,28.0344
47.6938,29.5084
48.8042,29.2963
48.8641,29.4546
47.7591,30.5995
47.5401,31.8297
48.4857,30.8008
49.0778,32.8543
47.9529,33.6313
48.2006,34.5418
48.8739,33.3143
48.2221,33.0994
47.3262,30.0453
48.0848,29.8409
48.1167,28.0499
48.8824,29.9519
48.2744,31.1138
47.4139,31.4669
47.5348,29.9281
48.2575,29.7377
48.1203,29.0114
47.7541,28.3486
47.5318,28.8352
46.8082,27.8535
46.1883,26.0806
48.9036,27.8291
48.8189,27.8080
48.6812,28.2010
49.1727,28.3500
49.0372,27.9606
49.1022,27.3092
48.0801,28.6936
47.5791,28.9784
47.5042,27.6313
48.6723,30.0900
49.0715,30.3298
50.0705,30.8838
50.3943,31.6912
50.7949,31.0287
51.1010,30.7853
49.9809,30.0884
49.2417,28.2991
48.1481,28.5592
47.9939,26.7225
48.8104,27.7403
48.2137,27.9402
47.6029,26.4780
48.2216,27.5685
48.0780,27.6436
47.3575,27.2188
47.8015,28.0600
49.2436,28.4838
50.4050,27.0186
50.8986,27.2214
50.5931,27.6188
51.1337,28.5795
49.0924,28.8626
49.5417,30.5835
49.3479,30.9133
50.4481,29.8475
48.0802,29.9657
47.1640,29.1140
50.0942,28.5734
50.2638,28.4775
50.6642,28.4580
50.6495,29.4688
50.9767,30.4140
50.1941,30.8473
49.8386,31.7968
49.7193,32.4663
49.7481,32.4912
50.5015,34.0773
48.6721,29.7826
49.1950,30.4926
49.4473,31.0110
49.7055,29.0704
49.5409,29.1564
48.9474,28.6563
50.9463,28.6899
51.7620,28.3629
51.3776,28.9229
49.1246,28.6430
49.0079,27.7372
49.4916,26.3527
50.6104,27.2509
51.8034,28.7913
49.2793,27.8915
50.5233,27.6988
50.5720,28.4442
51.0894,28.3264
50.3673,30.3895
49.8074,29.9946
48.6762,29.7254
48.5220,30.1019
48.4143,28.5112
48.7135,28.6154
49.3024,26.5642
48.6502,26.6810
50.6837,27.3343
51.0368,26.7054
51.5244,25.2203
51.3159,24.0158
49.8397,24.0122
49.8330,24.3212
50.7632,24.8107
49.9937,23.9312
49.6924,22.7402
49.7129,22.6496
49.8260,22.9305
49.7492,24.9358
51.5413,26.4229
51.8896,25.5222
51.5962,26.1953
51.4577,26.0015
50.3790,27.7178
51.4686,26.8684
50.3384,25.9671
49.7316,26.0846
50.3351,25.6262
50.8180,26.1444
51.6367,27.3125
51.6463,27.7289
51.2267,27.6708
50.0580,26.8750
50.6656,29.6842
51.0565,30.4984
51.9674,30.7789
51.2705,30.8929
50.7162,30.8907
50.1171,26.6296
50.4530,24.8939
51.8284,23.9291
53.8155,24.1806
53.8069,23.5298
51.8672,25.0534
51.3928,25.5325
51.1055,24.7302
50.0622,26.2483
51.3201,26.6279
51.5029,27.7765
50.5985,26.1387
50.0180,25.5414
50.2821,25.5341
50.9086,26.1352
50.1719,25.9457
50.5701,25.1587
50.8044,25.8787
50.5612,25.5970
51.3798,25.4483
51.4160,25.3948
50.9885,23.1943
51.2049,23.2956
51.6990,25.7375
52.4909,26.0613
54.1499,25.5802
53.5066,24.6788
52.7605,23.4385
52.4402,23.4625
51.9791,23.8817
51.6429,24.9885
51.3493,25.1050
51.5264,26.0798
51.7075,26.4752
52.0259,25.7212
54.3784,26.0765
54.0011,25.9172
54.5689,26.4899
53.1209,26.2061
53.1522,26.1375
53.6524,26.0459
54.1994,26.1199
54.0473,27.3419
52.9438,27.6449
54.2613,26.3339
54.2481,26.6285
54.8235,26.9911
54.2938,26.6638
54.0073,24.6734
53.5127,23.4054
53.8548,26.7663
53.6629,26.6074
54.5383,25.7306
55.0006,24.7105
55.2180,24.2169
54.1136,25.2252
54.5916,23.8239
55.3387,22.2511
53.8532,23.8316
55.0183,23.2348
53.5044,23.4926
53.7140,21.0312
54.3521,20.5390
54.2053,19.8483
53.5044,19.7705
53.9449,20.6854
55.4153,23.5555
55.2356,23.4569
56.1482,23.6018
55.4405,23.5713
55.8393,23.6793
54.5942,22.4315
54.5952,22.4012
56.1717,22.7976
56.9009,23.2358
57.4401,22.9794
57.2907,23.4184
55.9119,24.4994
55.0111,24.9770
53.7516,25.2013
53.7730,25.4358
53.7288,26.5233
55.3743,26.8793
55.2605,26.6547
54.8907,25.6073
53.7313,25.7691
56.0479,24.2499
56.0278,23.2274
54.5093,24.2094
54.5093,23.5507
54.1320,22.6432
54.1169,23.0792
55.1580,22.4982
55.7189,22.4542
55.1555,21.8929
54.0377,24.9573
54.1628,24.9030
54.3011,24.8913
55.0708,24.2958
55.2483,24.1321
55.0454,23.6529
55.3235,24.2887
56.0220,24.2697
56.9413,24.3945
56.9799,23.6618
56.5385,22.2727
56.4071,23.3587
55.2323,23.4043
57.3800,22.3710
54.8104,23.4446
55.8685,23.2154
55.0044,23.1207
53.7066,23.2231
55.5883,25.4144
56.3481,21.4587
58.4058,20.6194
54.3669,20.6954
55.5091,20.1274
55.9070,19.5106
57.4493,20.9620
56.3149,23.5964
55.8547,24.1778
55.3494,24.4558
55.3439,25.2992
55.6304,23.8877
55.0811,23.9046
53.6839,23.6196
53.2276,22.4902
53.4966,21.7824
52.5927,21.5002
52.4100,22.4242
53.8313,20.8517
55.0148,21.1180
55.5307,22.4025
57.3116,22.2330
58.1602,22.0438
58.7157,22.1890
59.7699,24.0060
57.5108,22.0562
56.8027,21.0525
55.8000,21.1404
55.7890,19.5114
55.3038,19.1500
55.5401,17.7925
56.3440,21.8539
55.4460,21.7497
56.3878,22.5280
57.7682,23.6593
58.0141,24.2735
57.7496,24.7407
58.0365,25.0751
58.1631,25.7614
57.2909,24.8028
57.1948,25.4321
57.5056,25.7045
57.2392,25.6107
56.3220,22.5441
56.0018,25.0597
55.2579,24.9916
54.1903,25.5188
54.4195,25.5733
55.9526,23.3980
55.5252,23.9904
55.0784,23.7849
55.1876,23.8463
55.8678,25.0860
55.9725,22.7527
56.4354,24.1550
57.2452,23.6351
57.4431,24.2290
57.1854,24.8557
57.3657,24.6004
56.5374,22.6346
56.4054,22.4561
58.3448,22.8938
57.7361,23.2076
59.8652,25.0988
60.1287,24.2088
60.7953,22.8955
62.1462,22.6073
60.6842,23.7628
61.5488,23.6865
61.3563,23.5207
59.1392,22.9864
58.7753,21.8970
58.9736,22.0036
58.7733,22.1902
58.1765,22.4161
57.7822,23.5443
58.8525,21.9600
58.4686,21.4510
58.3646,22.0304
59.1377,24.1638
62.3033,27.3493
60.6805,24.9699
59.8904,24.6844
58.8888,24.5800
60.0287,24.0945
59.2927,23.6378
60.0369,22.5144
59.2246,23.3597
59.1759,21.3588
59.7902,21.1282
60.5336,24.6144
60.3495,24.6179
61.0417,24.2685
59.9617,24.5340
59.1018,25.1826
57.9856,24.4807
57.5770,24.2807
56.8413,23.9459
56.4146,24.5392
56.6260,23.7359
56.7054,21.7185
57.1731,21.2453
58.9823,25.1454
59.3626,25.0139
59.3090,25.2007
59.0915,25.2301
59.8592,24.6433
59.6108,24.6987
60.0274,24.7076
60.0172,24.6710
60.6676,23.7424
60.0681,23.9266
58.9659,23.2405
59.3816,22.9865
59.8204,22.7799
60.5879,22.5565
58.6693,24.7389
58.7191,24.6660
56.7946,24.8816
57.3972,23.0665
57.6333,23.4631
57.3383,22.2756
58.0637,26.8774
58.1008,29.3071
57.5175,27.5698
57.8849,28.3713
58.2695,28.3978
58.1563,29.2592
58.5471,28.0294
58.5026,27.4332
59.6952,26.5099
60.4228,25.9766
60.4167,25.9507
60.2865,25.7587
61.2245,26.7091
61.1198,27.1102
61.4147,25.8096
61.8017,26.0206
60.7189,24.6644
61.9360,25.1297
59.5966,24.4475
58.8239,27.3125
58.4263,26.5617
57.9979,26.0921
57.5882,25.6116
58.6251,24.7064
58.2788,25.5089
58.3915,25.5616
59.3054,25.1154
61.3966,25.4701
60.9566,28.2151
60.8070,27.9434
60.3447,27.4386
60.2122,27.2256
60.6582,26.9886
60.6355,26.2366
60.0084,26.5044
60.0564,24.8292
60.3769,24.4579
61.5793,24.1336
60.4534,26.4183
61.0795,25.3446
62.0166,24.9666
62.6801,25.0171
62.1797,28.2122
63.6764,27.4419
63.3638,27.2085
63.4588,27.1533
60.8468,30.2493
58.7272,32.5727
60.5981,29.8100
60.6266,30.5199
59.5779,28.3805
59.6269,28.5741
59.8865,28.0308
59.9606,27.9142
59.9655,27.8380
61.9656,27.3160
62.2177,26.7209
62.2599,27.4828
59.4056,28.6917
59.9019,29.1856
60.2291,28.6971
59.3458,28.0510
59.3396,27.7887
59.4426,27.7675
58.9463,27.0757
61.6453,27.6246
61.5002,27.4518
60.8927,26.5219
60.4121,29.3503
60.2643,29.7072
60.2126,30.1700
59.6223,31.2526
59.5529,30.4286
59.8007,31.9995
60.5066,30.0932
60.7329,30.2957
60.7152,28.5580
60.5860,27.8790
59.3740,27.6477
60.5581,28.5956
59.7106,28.8202
60.0648,28.4399
60.0584,27.9624
61.4671,27.0690
63.2932,28.9824
61.0781,29.2689
61.0618,27.1629
61.3608,29.9951
61.1919,30.2609
62.0447,31.1186
60.8755,30.9476
60.5277,31.7729
61.2767,32.3187
62.3979,31.7239
61.6441,31.5851
61.5333,32.5408
62.1323,33.6627
63.3214,32.5351
62.5054,32.9046
62.2281,32.3918
62.3968,29.5636
62.3478,30.0648
63.1213,30.3634
62.5096,29.6888
62.5739,29.2707
62.9862,29.5790
62.3226,30.7039
63.5375,29.8530
64.6416,29.9240
64.7587,30.0772
65.3839,31.7032
64.4033,31.5463
63.4134,33.5582
63.0137,33.8975
62.5593,34.5053
63.4952,35.1116
62.8150,35.0962
64.0867,34.8069
62.7511,34.9888
62.9958,34.4892
63.3145,34.7513
62.8252,34.3166
64.6768,34.0996
64.3927,32.9546
64.5697,31.9021
63.4960,32.6530
63.6235,33.3090
64.3409,32.1657
63.4420,33.0486
63.4587,33.3015
64.9141,33.9684
65.7904,34.7373
67.6712,36.0109
67.9907,36.7334
65.8307,34.0677
65.0388,34.4300
64.0412,33.2572
63.1414,34.5286
63.3478,33.9621
63.3810,33.5501
64.1512,31.0775
65.5314,33.7176
65.3025,33.3894
64.2911,34.7631
64.2836,34.4797
63.6805,34.8574
63.4295,34.9484
63.0700,35.1560
63.1472,35.3996
63.1280,36.2591
64.0602,35.0845
65.3195,35.2722
66.2637,35.2724
64.7943,36.2673
64.1918,36.4236
64.4288,35.3890
63.7608,35.3550
64.0725,35.6904
64.9883,34.7077
64.3087,34.9067
65.2948,35.2326
65.3744,36.6700
65.4155,37.7735
64.9057,38.4858
64.5352,37.6209
65.1780,37.1482
65.1096,37.1321
64.7116,35.6944
64.0268,36.4024
64.3769,34.9758
64.7057,34.7262
65.6728,35.9398
65.0299,36.9841
65.8785,36.6531
66.1914,36.2001
66.9807,36.9932
66.4860,37.3959
66.0752,36.5700
67.4081,36.8511
66.4741,36.1789
